4294967294,0
4243767290,0
7,102
7,101
7,100
7,99
7,98
7,97
4294967279,455
7,96
7,95
7,94
7,93
7,92
4294967278,273
7,91
7,90
7,89
4294967294,232
4294967294,161
4294967294,214
4294967294,226
4294967294,223
4294967279,456
4294967279,492
4294967279,491
4294967279,487
4294967279,485
4294967279,482
4294967279,481
4294967279,479
4294967279,474
4294967279,473
4294967279,472
4294967279,471
4294967279,470
4294967279,469
4294967279,468
4294967294,7
4294967279,467
4294967278,0
4294967294,6
4294967279,466
4294967279,465
4294967278,216
4294967278,209
4294967278,208
4294967278,202
7,88
7,2
7,0
4294967278,196
4294967278,195
4294967279,196
4294967279,195
4294967278,188
4294967279,179
4294967279,178
4294967279,177
4294967278,131
4294967278,36
4294967278,31
4294967278,30
4294967278,29
4294967278,28
4294967278,27
4294967278,21
4294967278,19
4294967278,14
4294967278,13
4294967278,8
4294967278,7
4294967279,79
4294967279,78
4294967279,74
4294967279,73
4294967279,61
4294967279,50
4294967279,49
4294967279,44
4294967279,43
4294967279,37
4294967279,36
4294967279,31
4294967279,25
4294967279,24
4294967279,19
4294967279,18
4294967279,176
4294967279,175
4294967279,173
4294967279,172
4294967279,171
4294967279,170
4294967279,169
4294967279,168
4294967279,512
4294967279,166
4294967279,165
4294967279,164
4294967279,163
4294967278,161
4294967279,162
4294967279,161
4294967278,159
4294967279,160
4294967278,158
4294967279,159
4294967279,158
4294967279,156
4294967279,155
4294967279,154
4294967278,152
4294967279,152
4294967278,151
4294967279,151
4294967278,150
4294967279,0
4294967278,149
4294967279,149
4294967279,148
4294967278,147
4294967279,147
4294967279,146
4294967278,145
4294967279,145
4294967278,144
4294967279,144
4294967278,143
4294967279,143
4294967278,142
4294967279,142
4294967278,141
4294967279,141
4294967278,140
4294967279,140
4294967279,139
4294967278,138
4294967279,279
4294967279,137
4294967278,136
4294967279,136
4294967278,135
4294967279,135
4294967278,134
4294967279,133
4294967278,133
4294967279,389
4294967279,388
4294967279,274
4294967279,273
4294967279,272
4294967278,268
4294967279,271
4294967278,282
4294967279,270
4294967278,266
4294967279,269
4294967279,287
4294967294,39
4294967294,15
4294967294,25
4294967278,382
4294967294,50
4294967294,477
4294967294,81
4294967294,68
4294967294,479
4294967294,216
4294967294,215
4294967294,11
4294967294,82
4294967294,22
4294967294,17
4294967294,42
4294967294,67
4294967294,99
4294967294,76
4294967294,41
4294967294,1360
4294967294,43
4294967294,52
4294967294,219
4294967294,1356
4243767290,3
4243767290,2
4294967294,18
4294967294,127
4294967294,14
4294967294,126
4294967294,20
4294967294,13
4294967294,1357
4294967294,24
4294967294,12
4294967294,471
4294967294,206
4294967294,104
4294967294,106
4294967294,475
4294967294,1370
4294967294,26
4294967294,210
4294967294,209
4294967294,208
4294967294,1355
4294967294,83
4294967294,5
4294967279,267
4294967279,266
4294967278,263
4294967279,265
4294967278,278
4294967279,264
4294967278,261
4294967279,263
4294967279,262
4294967279,284
4294967279,259
4294967278,327
4294967279,258
4294967278,326
4294967279,396
4294967278,325
4294967279,395
4294967278,324
4294967279,394
4294967278,323
4294967279,393
4294967279,392
4294967279,391
4294967279,255
4294967279,390
4294967279,254
4294967278,250
4294967278,248
4294967278,246
0,5
7,84
7,83
7,82
7,81
7,80
7,79
7,78
7,77
7,76
7,75
7,74
7,73
7,72
7,71
7,70
7,69
7,68
7,67
7,66
7,65
7,64
7,36
7,35
7,34
7,33
7,32
7,24
7,23
7,22
7,21
7,20
7,19
7,18
7,17
7,16
7,15
7,14
7,13
7,12
7,11
7,10
7,9
7,8
7,7
7,6
7,5
7,31
7,30
7,29
7,28
7,27
7,26
7,25
4294967293,131
4294967293,130
4294967293,129
4294967293,128
4294967293,127
4294967293,126
4294967293,125
4294967293,124
4294967293,123
4294967293,122
4294967293,121
4294967293,120
4294967293,119
4294967293,118
4294967293,117
4294967293,116
4294967293,115
4294967293,114
4294967293,113
4294967293,112
4294967293,111
4294967293,110
4294967293,109
4294967293,108
4294967293,107
4294967293,106
4294967293,105
4294967293,104
4294967293,103
4294967293,102
4294967293,101
4294967293,100
4294967293,99
4294967293,98
4294967293,97
4294967293,96
4294967293,95
4294967293,94
4294967293,93
4294967293,92
4294967293,91
4294967293,90
4294967293,89
4294967293,87
4294967293,86
4294967293,85
4294967293,84
4294967293,83
4294967293,82
4294967293,81
4294967293,80
4294967293,79
4294967293,78
4294967293,77
4294967293,76
4294967293,75
4294967293,74
4294967293,73
4294967293,72
4294967293,71
4294967293,70
4294967293,69
4294967293,68
4294967293,67
4294967293,66
4294967293,65
4294967293,64
4294967293,63
4294967293,62
4294967293,61
4294967293,60
4294967293,59
4294967293,58
4294967293,57
4294967293,56
4294967293,55
4294967293,54
4294967293,53
4294967293,52
4294967293,51
4294967293,50
4294967293,49
4294967293,48
4294967293,47
4294967293,46
4294967293,45
4294967293,44
4294967293,43
4294967293,42
4294967293,41
4294967293,40
4294967293,39
4294967293,38
4294967293,37
4294967293,36
4294967293,35
4294967293,34
4294967293,33
4294967293,32
4294967293,31
4294967293,30
4294967293,29
4294967293,28
4294967293,27
4294967293,26
4294967293,25
4294967293,24
4294967293,23
4294967293,22
4294967293,21
4294967293,20
4294967293,19
4294967293,18
4294967293,17
4294967293,16
4294967293,15
4294967293,14
4294967293,13
4294967293,12
4294967293,11
4294967293,10
4294967293,9
4294967293,8
4294967293,7
4294967293,6
4294967293,5
4294967293,4
4294967293,3
4294967278,132
4294967278,376
4294967278,130
4294967278,333
4294967278,129
4294967278,419
4294967278,128
4294967278,374
4294967278,127
4294967278,126
4294967278,125
4294967278,124
4294967278,122
4294967278,249
4294967278,120
4294967278,247
4294967278,119
4294967278,245
4294967278,118
4294967278,379
4294967278,447
4294967278,352
4294967278,106
4294967278,105
4294967278,409
4294967278,103
4294967278,350
4294967278,102
4294967278,411
4294967278,101
4294967278,366
4294967278,100
4294967278,431
4294967278,96
4294967278,360
4294967278,94
4294967278,359
4294967278,93
4294967278,344
4294967278,430
4294967278,90
4294967278,377
4294967278,83
4294967278,313
4294967278,81
4294967278,312
4294967278,80
4294967278,311
4294967278,79
4294967278,78
4294967278,77
4294967278,402
4294967278,73
4294967278,304
4294967278,72
4294967278,442
4294967278,71
4294967278,441
4294967278,70
4294967278,69
4294967278,67
4294967278,444
4294967278,66
4294967278,64
4294967278,63
4294967278,35
4294967278,32
4294967278,26
4294967278,23
4294967278,22
4294967278,20
4294967278,18
4294967278,17
4294967278,16
4294967278,15
4294967278,336
4294967278,12
4294967278,88
4294967278,355
4294967278,11
4294967278,174
4294967278,260
4294967278,10
4294967278,9
4294967278,6
4294967278,5
4294967278,4
4294967279,562
4294967279,554
4294967279,561
4294967279,526
4294967279,309
4294967279,72
4294967279,71
4294967279,65
4294967279,560
4294967279,521
4294967279,64
4294967279,59
4294967279,58
4294967279,57
4294967279,54
4294967279,419
4294967279,53
4294967279,52
4294967279,51
4294967279,48
4294967279,47
4294967279,46
4294967279,45
4294967279,42
4294967279,410
4294967279,409
4294967279,40
4294967279,408
4294967279,35
4294967279,34
4294967279,33
4294967279,32
4294967279,30
4294967279,29
4294967279,451
4294967279,28
4294967279,450
4294967279,27
4294967279,138
4294967279,26
4294967279,276
4294967279,23
4294967279,22
4294967279,290
4294967279,21
4294967279,20
4294967279,17
4294967279,16
4294967279,2
4294967279,261
4294967279,15
4294967279,14
4294967279,13
4294967279,387
4294967279,12
4294967279,502
4294967279,11
4294967279,10
4294967279,9
4294967279,8
4294967279,7
4294967279,6
4294967279,531
4294967279,5
4294967279,515
4294967279,4
7,86
7,85
7,1
4294967278,224
4294967278,222
4294967278,218
4294967278,214
4294967278,210
4294967278,207
7,4
4294967278,200
4294967278,194
7,87
4294967278,193
4294967278,192
4294967279,193
4294967279,189
4294967278,187
4294967279,188
4294967278,186
4294967279,187
4294967278,185
4294967279,186
4294967279,185
4294967279,184
4294967279,183
4294967279,182
4294967279,181
4294967279,180
4294967294,1809
4294967294,1814
4294967294,1812
4294967294,160
4294967294,1020
4294967294,180
4294967294,1391
4294967294,1380
4294967294,169
4294967294,129
4294967294,1406
4294967294,1394
4294967294,1813
4294967294,1714
4294967294,1713
4294967294,1815
4294967294,510
4294967294,1797
4294967294,1718
4294967294,938
4294967294,936
1,0
4294967294,933
4294967294,932
4294967294,930
4294967294,929
4294967279,519
4294967279,547
4294967279,414
4294967278,343
4294967279,403
4294967279,397
4294967279,557
4294967279,283
4294967279,556
4294967279,523
4294967279,490
4294967279,484
4294967279,483
4294967279,514
4294967279,555
4294967278,370
4294967278,331
4294967278,329
4294967279,553
4294967278,407
4294967279,550
4294967278,221
4294967278,446
4294967278,445
4294967279,544
4294967278,310
4294967279,315
4294967278,309
4294967279,552
4294967279,543
4294967278,443
4294967279,539
4294967279,520
4294967279,517
4294967279,516
4294967279,399
4294967279,157
4294967279,559
4294967279,558
4294967294,928
4294967294,927
4294967294,924
4294967294,923
4294967294,921
4294967294,920
4294967294,919
4294967294,918
4294967294,917
4294967294,910
4294967294,908
4294967294,907
4294967294,906
4294967294,905
4294967294,904
4294967294,903
4294967294,902
4294967294,901
4294967294,900
4294967294,899
4294967294,898
4294967294,897
4294967294,894
4294967294,893
4294967294,892
4294967294,665
4294967294,882
4294967294,880
4294967294,878
4294967294,877
4294967294,873
4294967294,872
4294967294,871
4294967294,870
4294967294,869
4294967294,868
4294967294,867
4294967294,864
4294967294,863
4294967294,858
4294967294,857
4294967294,855
4294967294,854
4294967294,852
4294967294,849
4294967294,848
4294967294,845
4294967294,844
4294967294,842
4294967294,841
4294967294,840
4294967294,839
4294967294,836
4294967294,833
4294967294,832
4294967294,830
4294967294,829
4294967294,828
4294967294,827
4294967294,826
